LT|3|000101010110010101101010110101011|
EQ|3|001010110101011|
GT|3|0010101101011|
1|2|00101011000101010110010101110101011|
2|2|0000101010110010101101010110001010101100101011001010101101101010110000101010110010101101010110001010101100101011001010101101101010110101011|
3|2|0000101010110010101101010110001010101100101011001010101101101010110000101010110010101101010110001010101100101011001010101101101010110000101010110010101101010110001010101100101011001010101101101010110101011|
A|2|01011|
B|3|0101001010101011011|
B1|4|0000101010110101010101110101001010101011011|104
B2|5|000010101011001000101010111010101011110101001010101011011|191
B3|4|00001010101100101010110101010101110101001010101011011|147
C|3|001000010101011011000101010111100010101011101010110101011|93
D|4|0000101010111101001010101011011|54
E|5|0000101010111000101010110101010101110101001010101011011|148
F|3|000101010110010101100101010110001010101100101011010101011000101010110010101100101010110110101011000101010110010101101010110101011|
G|4|010000101010101100010101010110000010101011110100101010101101101010101101110101011|
H|3|00010101011000010101011110001010101110101011001010110101011|105
I|1|011|
J|4|00010100101010101101100101001010101011011001000010101011011000101010111100010101011101010110101011001001010101100010101011110001010010101010110110010000101010110110001010101111000101010111010101101010110010100101010101101100010100101010101101101010010101010110110101001010101011011|
K|2|0101011|
L|2|00101000101010110110101010110010101100010101011011011|
M|1|00010101011011011|
M2|2|00010101011010101011011|
M3|1|0001010101101010101011011|
N|3|00010101011001010110101011000101010110010101100101010110110101011|
O|2|0010101011011|
Pred|1|000101010110001010101101100101011010101100101011011|
Q|3|0000010101011101010101101010010101010110110101011|79
Q1|3|00010101011001010111010010001010101101110010101010110000101010111101001010101011011|
Q2|3|00100001010101110010101011011000010101011101100101010101101010010101010110110101011|
Q3|3|0010101011010000101010111010101011001010110010101011011|81
Q4|3|000100001010101101100010101011110001010101110101011010101100101001010101011011000101010110010101100101010110110101011|
R|3|001010001010101101100010101011101000101010110110101010110101011|88
S|3|010101011|
Succ|3|00010101011001010110101011000101010110010101100101010110110101011|
T|2|000101010110010101100101010110110101011|
U|2|000101010110010101011001010110010101011011011|
V|3|0001010010101010110110010000101010110110001010101111000101010111010101101010110001000010101011011000101010111100010101011101010110101011011|
W|2|0100101010110001010101111|32
X|2|01010101011|
not|1|00010101011000101010110110010101100101011011001010110101011|
and|2|000101010110010101110101011|
or|2|00010101011010101011001010110010101100101011011|
cons|4|0001010010101010110110010100101010101101101010110001010010101010110110010000101010110110001010101111000101010111010101101010110001000010101011011000101010111100010101011101010110101011011|
head|1|000100010101011101010101101100101011001010110101011|48
null|1|000101010110001010101101100101011001010110110010101100101011001010110101011|
uncons|1|000101010110001010101101100101011000001010101100010101011001010110101010110001010101100101011010101100010101011001010110101010110001010101100101011001010101101101010110010101101010110101011010101100101011000101010110001010101100101011010101011000101010110010101101010110001010101100101011010101011000101010110010101100101010110110101011001010110101011|
tail|1|00010101011000101010110110010101101010110010101100101011011|
Z|3|0010101011001010110101011|
Z2|4|0010101011001010110010101011001010110101011|
Phi|4|000010101011010101011100101010101100101011010101011|103
Psi|4|00010100101010101101100101010110001010010101010110110101001010101011011000100001010101101100010101011110001010101110101011010101101010010101010110110101001010101011011|
